0 -19.999 -20 39.998
1 19.999 -20 39.998
2 -19.999 20 39.998
3 19.999 20 0
4 -19.999 -20 0
5 -19.999 20 0
6 19.999 -20 0
7 19.999 20 39.998
0 0 0
1 1 0
2 0 1
3 1 0
4 1 1
5 0 1
6 0 0
7 1 0
8 0 1
9 0 0
10 1 1
11 1 0
12 0 0
13 0 0
14 1 0
15 1 1
16 0 1
17 0 0
18 1 0
19 1 1
20 1 1
21 0 1
22 1 1
23 0 1
1 0 0
1 1 1
1 2 2
2 4 3
2 0 4
2 2 5
3 4 3
3 2 5
3 5 6
4 3 7
4 4 8
4 5 9
5 7 10
5 3 11
5 5 12
6 6 13
6 3 14
6 7 15
7 7 15
7 1 16
7 6 13
8 4 17
8 6 18
8 1 19
9 4 8
9 3 7
9 6 20
10 5 12
10 2 21
10 7 10
11 7 22
11 2 2
11 1 1
12 1 19
12 0 23
12 4 17
8 24 12 36
8 24 36
